10,312
10,166
10,94
10,16
10,294
10,88
10,288
11,10
11,14
11,28
11,4
11,22
11,18
11,12
9,4
9,6
8,13
8,15
8,9
8,8
139,5
139,4
139,3
139,2
139,1
139,0
138,3
138,2
138,1
138,0
135,5
135,4
135,3
135,2
135,1
135,0
133,4
133,3
133,2
133,1
133,0
131,4
131,3
131,2
131,1
131,0
130,5
130,4
130,3
130,2
130,1
130,0
129,4
129,3
129,2
129,1
129,0
128,4
128,3
128,2
128,1
128,0
127,4
127,3
127,2
127,1
127,0
126,3
126,2
126,1
126,0
20,3
20,2
20,1
19,3
19,2
19,1
12,3
12,2
12,1
11,23
11,21
11,15
11,11
11,9
11,5
11,3
11,2
11,1
10,203
10,185
10,171
10,125
10,117
10,89
10,17
18,1
10,13
18,3
14,1
10,3
10,2
14,3
10,1
13,1
9,7
13,3
9,5
9,3
9,2
9,1
8,18
8,11
8,10
8,7
8,6
